0.00e+00 0.00000e+00
5.00e-10 -3.38892e-04
1.00e-09 -6.29765e-04
1.50e-09 -8.81130e-04
2.00e-09 -1.09679e-03
2.50e-09 -1.27311e-03
3.00e-09 -1.40356e-03
3.50e-09 -1.49978e-03
4.00e-09 -1.57875e-03
4.50e-09 -1.62365e-03
5.00e-09 -1.62678e-03
5.50e-09 -1.60449e-03
6.00e-09 -1.54969e-03
6.50e-09 -1.44888e-03
7.00e-09 -1.33206e-03
7.50e-09 -1.22545e-03
8.00e-09 -1.11567e-03
8.50e-09 -9.66359e-04
9.00e-09 -7.69774e-04
9.50e-09 -5.18772e-04
1.00e-08 -1.35440e-04
1.05e-08 5.60242e-04
1.10e-08 1.80783e-03
1.15e-08 3.96416e-03
1.20e-08 7.54429e-03
1.25e-08 1.31167e-02
1.30e-08 2.12616e-02
1.35e-08 3.26423e-02
1.40e-08 4.79550e-02
1.45e-08 6.77925e-02
1.50e-08 9.26404e-02
1.55e-08 1.23034e-01
1.60e-08 1.59008e-01
1.65e-08 2.00534e-01
1.70e-08 2.47401e-01
1.75e-08 2.99206e-01
1.80e-08 3.55294e-01
1.85e-08 4.14808e-01
1.90e-08 4.76778e-01
1.95e-08 5.40168e-01
2.00e-08 6.03830e-01
2.05e-08 6.66540e-01
2.10e-08 7.27068e-01
2.15e-08 7.84209e-01
2.20e-08 8.36753e-01
2.25e-08 8.83577e-01
2.30e-08 9.23662e-01
2.35e-08 9.56092e-01
2.40e-08 9.80027e-01
2.45e-08 9.94808e-01
2.50e-08 1.00000e+00
2.55e-08 9.94974e-01
2.60e-08 9.80189e-01
2.65e-08 9.55961e-01
2.70e-08 9.22880e-01
2.75e-08 8.81719e-01
2.80e-08 8.33467e-01
2.85e-08 7.79286e-01
2.90e-08 7.20454e-01
2.95e-08 6.58332e-01
3.00e-08 5.94318e-01
3.05e-08 5.29757e-01
3.10e-08 4.65894e-01
3.15e-08 4.03771e-01
3.20e-08 3.44228e-01
3.25e-08 2.87911e-01
3.30e-08 2.35316e-01
3.35e-08 1.86767e-01
3.40e-08 1.42456e-01
3.45e-08 1.02467e-01
3.50e-08 6.67325e-02
3.55e-08 3.53326e-02
3.60e-08 7.72946e-03
3.65e-08 -1.63961e-02
3.70e-08 -3.73900e-02
3.75e-08 -5.55752e-02
3.80e-08 -7.12441e-02
3.85e-08 -8.46839e-02
3.90e-08 -9.61799e-02
3.95e-08 -1.06033e-01
4.00e-08 -1.14564e-01
4.05e-08 -1.22076e-01
4.10e-08 -1.28839e-01
4.15e-08 -1.35004e-01
4.20e-08 -1.40692e-01
4.25e-08 -1.45971e-01
4.30e-08 -1.50863e-01
4.35e-08 -1.55342e-01
4.40e-08 -1.59411e-01
4.45e-08 -1.63037e-01
4.50e-08 -1.66166e-01
4.55e-08 -1.68748e-01
4.60e-08 -1.70753e-01
4.65e-08 -1.72152e-01
4.70e-08 -1.72923e-01
4.75e-08 -1.73076e-01
4.80e-08 -1.72660e-01
4.85e-08 -1.71733e-01
4.90e-08 -1.70348e-01
4.95e-08 -1.68558e-01
5.00e-08 -1.66400e-01
5.05e-08 -1.63871e-01
5.10e-08 -1.60945e-01
5.15e-08 -1.57624e-01
5.20e-08 -1.53895e-01
5.25e-08 -1.49798e-01
5.30e-08 -1.45405e-01
5.35e-08 -1.40834e-01
5.40e-08 -1.36151e-01
5.45e-08 -1.31425e-01
5.50e-08 -1.26706e-01
5.55e-08 -1.22007e-01
5.60e-08 -1.17346e-01
5.65e-08 -1.12750e-01
5.70e-08 -1.08262e-01
5.75e-08 -1.03931e-01
5.80e-08 -9.97707e-02
5.85e-08 -9.57526e-02
5.90e-08 -9.18310e-02
5.95e-08 -8.79590e-02
6.00e-08 -8.40842e-02
6.05e-08 -8.01861e-02
6.10e-08 -7.62580e-02
6.15e-08 -7.23391e-02
6.20e-08 -6.84580e-02
6.25e-08 -6.46058e-02
6.30e-08 -6.07712e-02
6.35e-08 -5.69287e-02
6.40e-08 -5.30689e-02
6.45e-08 -4.92294e-02
6.50e-08 -4.54589e-02
6.55e-08 -4.18308e-02
6.60e-08 -3.84010e-02
6.65e-08 -3.52103e-02
6.70e-08 -3.22693e-02
6.75e-08 -2.95475e-02
6.80e-08 -2.70345e-02
6.85e-08 -2.47363e-02
6.90e-08 -2.26642e-02
6.95e-08 -2.08187e-02
7.00e-08 -1.91821e-02
7.05e-08 -1.77243e-02
7.10e-08 -1.64156e-02
7.15e-08 -1.51985e-02
7.20e-08 -1.40273e-02
7.25e-08 -1.28799e-02
7.30e-08 -1.17461e-02
7.35e-08 -1.06297e-02
7.40e-08 -9.53210e-03
7.45e-08 -8.44613e-03
7.50e-08 -7.36623e-03
7.55e-08 -6.27311e-03
7.60e-08 -5.14142e-03
7.65e-08 -3.93774e-03
7.70e-08 -2.65375e-03
