4.08996 4.48069
4.27598 4.29269
4.47047 4.11286
4.67381 3.94084
4.88639 3.77631
5.10864 3.61892
5.341 3.46837
5.58393 3.32436
5.83791 3.18661
6.10344 3.05485
6.38105 2.9288
6.67128 2.80823
6.97472 2.6929
7.29196 2.58257
7.62362 2.47703
7.97038 2.37607
8.3329 2.27949
8.71191 2.18711
9.10816 2.09872
9.52244 2.01417
9.95555 1.93329
10.4084 1.85591
10.8818 1.78188
11.3767 1.71106
11.8942 1.6433
12.4352 1.57848
13.0008 1.51645
13.5921 1.45711
14.2103 1.40034
14.8567 1.34601
15.5324 1.29404
16.2389 1.2443
16.9775 1.19671
17.7497 1.15116
18.557 1.10758
19.4011 1.06587
20.2835 1.02596
21.2061 0.987758
22.1706 0.951196
23.179 0.916201
24.2333 0.882704
25.3355 0.850639
26.4879 0.819944
27.6926 0.790559
28.9522 0.762426
30.2691 0.73549
31.6458 0.709698
33.0852 0.685
34.59 0.661348
36.1633 0.638696
37.8082 0.617001
39.5278 0.596219
41.3257 0.576311
43.2054 0.557239
45.1705 0.538966
47.225 0.521456
49.373 0.504676
51.6187 0.488594
53.9665 0.47318
56.4211 0.458404
58.9874 0.444238
61.6704 0.430656
64.4754 0.417631
67.4079 0.40514
70.4739 0.39316
73.6793 0.381667
77.0306 0.370641
80.5342 0.360062
84.1972 0.34991
88.0268 0.340167
92.0306 0.330815
96.2166 0.321837
100.593 0.313217
105.168 0.30494
109.952 0.296991
114.953 0.289356
120.181 0.282022
125.648 0.274977
131.362 0.268207
137.337 0.261702
143.584 0.25545
150.115 0.249441
156.943 0.243665
164.081 0.238112
171.544 0.232774
179.346 0.22764
187.504 0.222703
196.032 0.217956
204.948 0.21339
214.27 0.208998
224.016 0.204773
234.205 0.200708
244.858 0.196798
255.995 0.193036
267.639 0.189417
279.812 0.185934
292.539 0.182584
305.844 0.179359
319.755 0.176257
334.299 0.173271
349.504 0.170398
365.401 0.167634
382.021 0.164974
399.397 0.162414
417.563 0.159951
436.555 0.157581
456.412 0.155301
477.171 0.153107
498.875 0.150997
521.565 0.148966
545.288 0.147013
570.09 0.145134
596.02 0.143327
623.129 0.141589
651.472 0.139918
681.103 0.13831
712.082 0.136764
744.47 0.135278
778.332 0.133849
813.733 0.132476
850.745 0.131156
889.44 0.129887
929.896 0.128667
972.191 0.127495
1016.41 0.126369
1062.64 0.125287
1110.97 0.124248
1161.5 0.123249
1214.33 0.122291
1269.57 0.12137
1327.31 0.120486
1387.68 0.119636
1450.8 0.118821
1516.79 0.118039
1585.78 0.117288
1657.9 0.116567
1733.31 0.115875
1812.15 0.115211
1894.57 0.114574
1980.75 0.113963
2070.84 0.113377
2165.03 0.112814
2263.5 0.112275
2366.46 0.111758
2474.09 0.111261
2586.62 0.110786
2704.27 0.11033
2827.27 0.109892
2955.87 0.109473
3090.31 0.109071
3230.87 0.108686
3377.82 0.108317
3531.46 0.107963
3692.09 0.107624
3860.02 0.107299
4035.58 0.106988
4219.14 0.10669
4411.04 0.106404
4611.67 0.10613
4821.43 0.105868
5040.73 0.105617
5270 0.105377
5509.7 0.105146
5760.3 0.104925
6022.3 0.104714
6296.22 0.104512
6582.6 0.104318
6882 0.104132
7195.02 0.103955
7522.27 0.103785
7864.42 0.103622
8222.12 0.103466
8596.09 0.103316
8987.08 0.103174
9395.85 0.103037
9823.21 0.102906
10270 0.10278
10737.1 0.10266
11225.5 0.102546
11736.1 0.102436

