4.08996 2.25242
4.27598 2.16877
4.47047 2.0887
4.67381 2.01205
4.88639 1.93867
5.10864 1.86842
5.341 1.80116
5.58393 1.73675
5.83791 1.67508
6.10344 1.61602
6.38105 1.55946
6.67128 1.50529
6.97472 1.4534
7.29196 1.40368
7.62362 1.35606
7.97038 1.31043
8.3329 1.2667
8.71191 1.2248
9.10816 1.18463
9.52244 1.14613
9.95555 1.10923
10.4084 1.07384
10.8818 1.03991
11.3767 1.00738
11.8942 0.976166
12.4352 0.946228
13.0008 0.917506
13.5921 0.889947
14.2103 0.863499
14.8567 0.838115
15.5324 0.813747
16.2389 0.790353
16.9775 0.767889
17.7497 0.746315
18.557 0.725593
19.4011 0.705686
20.2835 0.68656
21.2061 0.66818
22.1706 0.650515
23.179 0.633535
24.2333 0.61721
25.3355 0.601514
26.4879 0.586419
27.6926 0.5719
28.9522 0.557934
30.2691 0.544497
31.6458 0.531569
33.0852 0.519127
34.59 0.507152
36.1633 0.495626
37.8082 0.48453
39.5278 0.473846
41.3257 0.463559
43.2054 0.453653
45.1705 0.444113
47.225 0.434924
49.373 0.426073
51.6187 0.417547
53.9665 0.409334
56.4211 0.40142
58.9874 0.393796
61.6704 0.38645
64.4754 0.379372
67.4079 0.372552
70.4739 0.365981
73.6793 0.359648
77.0306 0.353546
80.5342 0.347666
84.1972 0.342001
88.0268 0.336542
92.0306 0.331281
96.2166 0.326213
100.593 0.32133
105.168 0.316626
109.952 0.312094
114.953 0.307728
120.181 0.303523
125.648 0.299472
131.362 0.295571
137.337 0.291814
143.584 0.288196
150.115 0.284713
156.943 0.28136
164.081 0.278131
171.544 0.275024
179.346 0.272033
187.504 0.269155
196.032 0.266385
204.948 0.26372
214.27 0.261156
224.016 0.258691
234.205 0.256319
244.858 0.254038
255.995 0.251845
267.639 0.249736
279.812 0.247709
292.539 0.245761
305.844 0.243888
319.755 0.242089
334.299 0.240359
349.504 0.238698
365.401 0.237103
382.021 0.23557
399.397 0.234098
417.563 0.232685
436.555 0.231327
456.412 0.230025
477.171 0.228774
498.875 0.227573
521.565 0.226421
545.288 0.225316
570.09 0.224255
596.02 0.223237
623.129 0.222261
651.472 0.221324
681.103 0.220426
712.082 0.219564
744.47 0.218738
778.332 0.217946
813.733 0.217187
850.745 0.216459
889.44 0.215761
929.896 0.215092
972.191 0.21445
1016.41 0.213836
1062.64 0.213247
1110.97 0.212682
1161.5 0.212142
1214.33 0.211623
1269.57 0.211127
1327.31 0.210651
1387.68 0.210196
1450.8 0.209759
1516.79 0.209341
1585.78 0.208941
1657.9 0.208558
1733.31 0.208191
1812.15 0.207839
1894.57 0.207502
1980.75 0.20718
2070.84 0.206871
2165.03 0.206575
2263.5 0.206292
2366.46 0.206021
2474.09 0.205762
2586.62 0.205514
2704.27 0.205276
2827.27 0.205048
2955.87 0.204831
3090.31 0.204622
3230.87 0.204423
3377.82 0.204232
3531.46 0.204049
3692.09 0.203874
3860.02 0.203706
4035.58 0.203546
4219.14 0.203393
4411.04 0.203246
4611.67 0.203106
4821.43 0.202971
5040.73 0.202843
5270 0.202719
5509.7 0.202602
5760.3 0.202489
6022.3 0.202381
6296.22 0.202278
6582.6 0.202179
6882 0.202085
7195.02 0.201994
7522.27 0.201908
7864.42 0.201825
8222.12 0.201746
8596.09 0.20167
8987.08 0.201598
9395.85 0.201528
9823.21 0.201462
10270 0.201399
10737.1 0.201338
11225.5 0.20128
11736.1 0.201224

