4.08996 5.3213
4.27598 5.09588
4.47047 4.88028
4.67381 4.67407
4.88639 4.47683
5.10864 4.28819
5.341 4.10776
5.58393 3.93519
5.83791 3.77014
6.10344 3.61228
6.38105 3.4613
6.67128 3.31689
6.97472 3.17879
7.29196 3.0467
7.62362 2.92037
7.97038 2.79955
8.3329 2.684
8.71191 2.57349
9.10816 2.4678
9.52244 2.36672
9.95555 2.27006
10.4084 2.17762
10.8818 2.08922
11.3767 2.00468
11.8942 1.92384
12.4352 1.84653
13.0008 1.77261
13.5921 1.70192
14.2103 1.63432
14.8567 1.56969
15.5324 1.5079
16.2389 1.44881
16.9775 1.39232
17.7497 1.33831
18.557 1.28667
19.4011 1.23731
20.2835 1.19012
21.2061 1.14501
22.1706 1.10189
23.179 1.06067
24.2333 1.02128
25.3355 0.983632
26.4879 0.947651
27.6926 0.913268
28.9522 0.880412
30.2691 0.849018
31.6458 0.819023
33.0852 0.790368
34.59 0.762994
36.1633 0.736846
37.8082 0.711871
39.5278 0.688019
41.3257 0.665242
43.2054 0.643493
45.1705 0.622727
47.225 0.602904
49.373 0.583981
51.6187 0.565919
53.9665 0.548683
56.4211 0.532235
58.9874 0.516542
61.6704 0.50157
64.4754 0.487289
67.4079 0.473668
70.4739 0.460679
73.6793 0.448293
77.0306 0.436485
80.5342 0.425228
84.1972 0.414498
88.0268 0.404272
92.0306 0.394528
96.2166 0.385244
100.593 0.376399
105.168 0.367974
109.952 0.359949
114.953 0.352306
120.181 0.345028
125.648 0.338099
131.362 0.331502
137.337 0.325221
143.584 0.319243
150.115 0.313553
156.943 0.308137
164.081 0.302983
171.544 0.298078
179.346 0.29341
187.504 0.288969
196.032 0.284743
204.948 0.280722
214.27 0.276896
224.016 0.273255
234.205 0.269792
244.858 0.266496
255.995 0.26336
267.639 0.260377
279.812 0.257538
292.539 0.254836
305.844 0.252265
319.755 0.249819
334.299 0.247491
349.504 0.245275
365.401 0.243166
382.021 0.241158
399.397 0.239247
417.563 0.237428
436.555 0.235696
456.412 0.234046
477.171 0.232476
498.875 0.23098
521.565 0.229556
545.288 0.228199
570.09 0.226906
596.02 0.225675
623.129 0.224502
651.472 0.223384
681.103 0.222319
712.082 0.221304
744.47 0.220336
778.332 0.219414
813.733 0.218534
850.745 0.217696
889.44 0.216897
929.896 0.216134
972.191 0.215407
1016.41 0.214714
1062.64 0.214053
1110.97 0.213422
1161.5 0.21282
1214.33 0.212245
1269.57 0.211697
1327.31 0.211175
1387.68 0.210676
1450.8 0.210199
1516.79 0.209745
1585.78 0.209311
1657.9 0.208897
1733.31 0.208501
1812.15 0.208124
1894.57 0.207763
1980.75 0.207419
2070.84 0.20709
2165.03 0.206776
2263.5 0.206476
2366.46 0.20619
2474.09 0.205916
2586.62 0.205655
2704.27 0.205406
2827.27 0.205167
2955.87 0.204939
3090.31 0.204722
3230.87 0.204514
3377.82 0.204315
3531.46 0.204125
3692.09 0.203944
3860.02 0.20377
4035.58 0.203605
4219.14 0.203446
4411.04 0.203295
4611.67 0.203151
4821.43 0.203012
5040.73 0.20288
5270 0.202754
5509.7 0.202633
5760.3 0.202518
6022.3 0.202408
6296.22 0.202302
6582.6 0.202201
6882 0.202105
7195.02 0.202013
7522.27 0.201925
7864.42 0.201841
8222.12 0.20176
8596.09 0.201683
8987.08 0.20161
9395.85 0.201539
9823.21 0.201472
10270 0.201408
10737.1 0.201346
11225.5 0.201288
11736.1 0.201231

