4.08996 1.98387
4.27598 1.91316
4.47047 1.84541
4.67381 1.78049
4.88639 1.71827
5.10864 1.65863
5.341 1.60145
5.58393 1.54663
5.83791 1.49407
6.10344 1.44366
6.38105 1.3953
6.67128 1.34892
6.97472 1.30441
7.29196 1.26169
7.62362 1.22069
7.97038 1.18133
8.3329 1.14354
8.71191 1.10725
9.10816 1.07238
9.52244 1.03889
9.95555 1.0067
10.4084 0.975761
10.8818 0.946017
11.3767 0.917414
11.8942 0.889904
12.4352 0.863438
13.0008 0.83797
13.5921 0.813457
14.2103 0.789858
14.8567 0.767131
15.5324 0.745241
16.2389 0.72415
16.9775 0.703825
17.7497 0.684233
18.557 0.665342
19.4011 0.647122
20.2835 0.629546
21.2061 0.612586
22.1706 0.596217
23.179 0.580413
24.2333 0.565152
25.3355 0.550412
26.4879 0.53617
27.6926 0.522407
28.9522 0.509103
30.2691 0.49624
31.6458 0.483801
33.0852 0.471769
34.59 0.460128
36.1633 0.448862
37.8082 0.437958
39.5278 0.427401
41.3257 0.417179
43.2054 0.407278
45.1705 0.397688
47.225 0.388395
49.373 0.379391
51.6187 0.370664
53.9665 0.362204
56.4211 0.354003
58.9874 0.34605
61.6704 0.338337
64.4754 0.330857
67.4079 0.323601
70.4739 0.316561
73.6793 0.309732
77.0306 0.303104
80.5342 0.296673
84.1972 0.290432
88.0268 0.284375
92.0306 0.278496
96.2166 0.272789
100.593 0.267249
105.168 0.261872
109.952 0.256651
114.953 0.251584
120.181 0.246664
125.648 0.241888
131.362 0.237252
137.337 0.232751
143.584 0.228382
150.115 0.224141
156.943 0.220025
164.081 0.21603
171.544 0.212152
179.346 0.208389
187.504 0.204737
196.032 0.201193
204.948 0.197755
214.27 0.19442
224.016 0.191185
234.205 0.188047
244.858 0.185003
255.995 0.182052
267.639 0.179191
279.812 0.176417
292.539 0.173729
305.844 0.171124
319.755 0.168599
334.299 0.166153
349.504 0.163784
365.401 0.16149
382.021 0.159268
399.397 0.157117
417.563 0.155035
436.555 0.15302
456.412 0.151071
477.171 0.149185
498.875 0.147361
521.565 0.145597
545.288 0.143892
570.09 0.142244
596.02 0.140651
623.129 0.139112
651.472 0.137625
681.103 0.13619
712.082 0.134804
744.47 0.133465
778.332 0.132174
813.733 0.130928
850.745 0.129726
889.44 0.128566
929.896 0.127448
972.191 0.12637
1016.41 0.125331
1062.64 0.124329
1110.97 0.123364
1161.5 0.122435
1214.33 0.12154
1269.57 0.120678
1327.31 0.119848
1387.68 0.119049
1450.8 0.11828
1516.79 0.117541
1585.78 0.116829
1657.9 0.116145
1733.31 0.115487
1812.15 0.114854
1894.57 0.114245
1980.75 0.113661
2070.84 0.113099
2165.03 0.112559
2263.5 0.11204
2366.46 0.111542
2474.09 0.111063
2586.62 0.110604
2704.27 0.110162
2827.27 0.109739
2955.87 0.109332
3090.31 0.108942
3230.87 0.108567
3377.82 0.108208
3531.46 0.107863
3692.09 0.107532
3860.02 0.107215
4035.58 0.106911
4219.14 0.106619
4411.04 0.106339
4611.67 0.106071
4821.43 0.105813
5040.73 0.105567
5270 0.10533
5509.7 0.105104
5760.3 0.104887
6022.3 0.104679
6296.22 0.104479
6582.6 0.104288
6882 0.104105
7195.02 0.10393
7522.27 0.103762
7864.42 0.103601
8222.12 0.103446
8596.09 0.103299
8987.08 0.103157
9395.85 0.103022
9823.21 0.102892
10270 0.102768
10737.1 0.102649
11225.5 0.102535
11736.1 0.102426

